clingo version 5.4.0
Reading from ...P\newAssignments\encodingNextWeeks.asp ...
Solving...
Answer: 10
assigned(2019145304,2,"SALA-B",1,1,330) assigned(2019229892,4,"SALA-A",1,2,280) assigned(2019259012,4,"SALA-C",1,3,185) assigned(2018239811,4,"SALA-C",1,3,195) assigned(2019332417,4,"SALA-C",1,2,170) assigned(2019405104,4,"SALA-B",1,3,200) assigned(2019425761,4,"SALA-B",1,3,190) assigned(2019405392,4,"SALA-A",1,5,290) assigned(2019456196,4,"SALA-C",1,3,195) stay(2019145304,1,-16) stay(2019145304,1,-15) stay(2019145304,1,-14) stay(2019145304,1,-13) stay(2019145304,1,-12) stay(2019145304,1,-11) stay(2019145304,1,-10) stay(2019145304,1,-9) stay(2019145304,1,-8) stay(2019145304,1,-7) stay(2019145304,1,-6) stay(2019145304,1,-5) stay(2019145304,1,-4) stay(2019145304,1,-3) stay(2019145304,1,-2) stay(2019145304,1,-1) stay(2019145304,1,0) stay(2019145304,1,1) stay(2019145304,1,2) stay(2019145304,1,3) stay(2019145304,1,4) stay(2019229892,1,-15) stay(2019229892,1,-14) stay(2019229892,1,-13) stay(2019229892,1,-12) stay(2019229892,1,-11) stay(2019229892,1,-10) stay(2019229892,1,-9) stay(2019229892,1,-8) stay(2019229892,1,-7) stay(2019229892,1,-6) stay(2019229892,1,-5) stay(2019229892,1,-4) stay(2019229892,1,-3) stay(2019229892,1,-2) stay(2019229892,1,-1) stay(2019229892,1,0) stay(2019229892,1,1) stay(2019229892,1,2) stay(2019229892,1,3) stay(2019229892,1,4) stay(2019259012,1,-14) stay(2019259012,1,-13) stay(2019259012,1,-12) stay(2019259012,1,-11) stay(2019259012,1,-10) stay(2019259012,1,-9) stay(2019259012,1,-8) stay(2019259012,1,-7) stay(2019259012,1,-6) stay(2019259012,1,-5) stay(2019259012,1,-4) stay(2019259012,1,-3) stay(2019259012,1,-2) stay(2019259012,1,-1) stay(2019259012,1,0) stay(2019259012,1,1) stay(2019259012,1,2) stay(2019259012,1,3) stay(2019259012,1,4) stay(2018239811,1,-14) stay(2018239811,1,-13) stay(2018239811,1,-12) stay(2018239811,1,-11) stay(2018239811,1,-10) stay(2018239811,1,-9) stay(2018239811,1,-8) stay(2018239811,1,-7) stay(2018239811,1,-6) stay(2018239811,1,-5) stay(2018239811,1,-4) stay(2018239811,1,-3) stay(2018239811,1,-2) stay(2018239811,1,-1) stay(2018239811,1,0) stay(2018239811,1,1) stay(2018239811,1,2) stay(2018239811,1,3) stay(2018239811,1,4) stay(2019332417,1,-15) stay(2019332417,1,-14) stay(2019332417,1,-13) stay(2019332417,1,-12) stay(2019332417,1,-11) stay(2019332417,1,-10) stay(2019332417,1,-9) stay(2019332417,1,-8) stay(2019332417,1,-7) stay(2019332417,1,-6) stay(2019332417,1,-5) stay(2019332417,1,-4) stay(2019332417,1,-3) stay(2019332417,1,-2) stay(2019332417,1,-1) stay(2019332417,1,0) stay(2019332417,1,1) stay(2019332417,1,2) stay(2019332417,1,3) stay(2019332417,1,4) stay(2019405104,1,-14) stay(2019405104,1,-13) stay(2019405104,1,-12) stay(2019405104,1,-11) stay(2019405104,1,-10) stay(2019405104,1,-9) stay(2019405104,1,-8) stay(2019405104,1,-7) stay(2019405104,1,-6) stay(2019405104,1,-5) stay(2019405104,1,-4) stay(2019405104,1,-3) stay(2019405104,1,-2) stay(2019405104,1,-1) stay(2019405104,1,0) stay(2019405104,1,1) stay(2019405104,1,2) stay(2019405104,1,3) stay(2019405104,1,4) stay(2019425761,1,-14) stay(2019425761,1,-13) stay(2019425761,1,-12) stay(2019425761,1,-11) stay(2019425761,1,-10) stay(2019425761,1,-9) stay(2019425761,1,-8) stay(2019425761,1,-7) stay(2019425761,1,-6) stay(2019425761,1,-5) stay(2019425761,1,-4) stay(2019425761,1,-3) stay(2019425761,1,-2) stay(2019425761,1,-1) stay(2019425761,1,0) stay(2019425761,1,1) stay(2019425761,1,2) stay(2019425761,1,3) stay(2019425761,1,4) stay(2019405392,1,-12) stay(2019405392,1,-11) stay(2019405392,1,-10) stay(2019405392,1,-9) stay(2019405392,1,-8) stay(2019405392,1,-7) stay(2019405392,1,-6) stay(2019405392,1,-5) stay(2019405392,1,-4) stay(2019405392,1,-3) stay(2019405392,1,-2) stay(2019405392,1,-1) stay(2019405392,1,0) stay(2019405392,1,1) stay(2019405392,1,2) stay(2019405392,1,3) stay(2019405392,1,4) stay(2019456196,1,-14) stay(2019456196,1,-13) stay(2019456196,1,-12) stay(2019456196,1,-11) stay(2019456196,1,-10) stay(2019456196,1,-9) stay(2019456196,1,-8) stay(2019456196,1,-7) stay(2019456196,1,-6) stay(2019456196,1,-5) stay(2019456196,1,-4) stay(2019456196,1,-3) stay(2019456196,1,-2) stay(2019456196,1,-1) stay(2019456196,1,0) stay(2019456196,1,1) stay(2019456196,1,2) stay(2019456196,1,3) stay(2019456196,1,4) stay(2019145304,1,5) stay(2019145304,1,6) stay(2019145304,1,7) stay(2019145304,1,8) stay(2019229892,1,5) stay(2019229892,1,6) stay(2019229892,1,7) stay(2019229892,1,8) stay(2019229892,1,9) stay(2019259012,1,5) stay(2019259012,1,6) stay(2019259012,1,7) stay(2019259012,1,8) stay(2019259012,1,9) stay(2019259012,1,10) stay(2018239811,1,5) stay(2018239811,1,6) stay(2018239811,1,7) stay(2018239811,1,8) stay(2018239811,1,9) stay(2018239811,1,10) stay(2019332417,1,5) stay(2019332417,1,6) stay(2019332417,1,7) stay(2019332417,1,8) stay(2019332417,1,9) stay(2019405104,1,5) stay(2019405104,1,6) stay(2019405104,1,7) stay(2019405104,1,8) stay(2019405104,1,9) stay(2019405104,1,10) stay(2019425761,1,5) stay(2019425761,1,6) stay(2019425761,1,7) stay(2019425761,1,8) stay(2019425761,1,9) stay(2019425761,1,10) stay(2019405392,1,5) stay(2019405392,1,6) stay(2019405392,1,7) stay(2019405392,1,8) stay(2019405392,1,9) stay(2019405392,1,10) stay(2019405392,1,11) stay(2019405392,1,12) stay(2019456196,1,5) stay(2019456196,1,6) stay(2019456196,1,7) stay(2019456196,1,8) stay(2019456196,1,9) stay(2019456196,1,10)
Optimization: 0
OPTIMUM FOUND

Models       : 10
  Optimum    : yes
Optimization : 0
Calls        : 1
Time         : 0.018s (Solving: 0.00s 1st Model: 0.00s Unsat: 0.00s)
CPU Time     : 0.016s
